---
version: 2
money:
  aenguyenhuy: 26300.000000
  knminerprogamer: 53809.000000
  ortsortsgamer: 1000.000000
  hackerkillt: 1000
  nobicun: 0.000000
  fixedbassoon524: 1000
  nasus1000q: 0.000000
  arutavm: 1000
  khangbeopro: 1000
  yipluss: 1000
  est1542: 75780.000000
  casemongamer: 1000
  chiencrazygame: 1000
  tion mcgamer: 20000.000000
  yuhabahaa: 1000
  duyanhvietnam12: 1000
...
